A1=[1 2 3;4 5 6]
B1=[2 4 0;1 3 5]
C1=[1 4 7;8 5 2;3 6 0]
%A=A1*B1